brightness:    0.0458512970
picture   :    0.8920809813
color     :    0.7848660294
hue       :   -0.6459362884
RMS ∆E    :   13.9983723480
max tries :  242
COLOR= 0 #000000000000                      ∆E= 0.0000000000
COLOR= 1 #9FE01B154860                      ∆E=14.7607198502
COLOR= 2 #48AC3280EB5F                      ∆E=13.0275929815
COLOR= 3 #D6FF43CCFFFF                      ∆E= 4.6280603300
COLOR= 4 #194875B64454                      ∆E= 7.2075397834
COLOR= 5 #8159815D815D                      ∆E=11.6435804253
COLOR= 6 #36B192FEFFFF                      ∆E=27.1885930367
COLOR= 7 #B8C59E34FFFF                      ∆E=18.0221795441
COLOR= 8 #494065D50000                      ∆E=23.8370616172
COLOR= 9 #D87673850000                      ∆E= 6.6844275510
COLOR=10 #8159815D815D                      ∆E=15.8373524478
COLOR=11 #FB268F87BC1C                      ∆E=19.0780348971
COLOR=12 #3CD9CC180000                      ∆E= 4.3511567240
COLOR=13 #BC09D6CE0000                      ∆E=11.5941025808
COLOR=14 #6C07E605B849                      ∆E= 9.2471757194
COLOR=15 #F1D5F1DAF1DB                      ∆E= 2.8580546205
