brightness:    0.04585129703904686
picture   :    0.89208098132025144
color     :    0.78486602944212231
hue       :   -0.64593628843128830
RMS ∆E    :   13.99837234804931772
max tries :  276

 BASIC   Apple//e sRGB  //e  IIgs          CIE 1931 xyY         CIEDE200 
-------- ------------- -----------  -------------------------- ----------
COLOR= 0 #000000000000              x=0.3127 y=0.3290 Y=0.0000 ∆E= 0.0000
COLOR= 1 #9FE01B154860              x=0.5045 y=0.2742 Y=0.0864 ∆E=14.7607
COLOR= 2 #48AC3280EB5F              x=0.1746 y=0.0899 Y=0.0966 ∆E=13.0275
COLOR= 3 #D6FF43CCFFFF              x=0.2802 y=0.1499 Y=0.2565 ∆E= 4.6280
COLOR= 4 #194875B64454              x=0.2712 y=0.4639 Y=0.1340 ∆E= 7.2075
COLOR= 5 #8159815D815D              x=0.3127 y=0.3289 Y=0.2189 ∆E=11.6435
COLOR= 6 #36B192FEFFFF              x=0.1902 y=0.1821 Y=0.2873 ∆E=27.1885
COLOR= 7 #B8C59E34FFFF              x=0.2604 y=0.2172 Y=0.4175 ∆E=18.0221
COLOR= 8 #494065D50000              x=0.3740 y=0.5439 Y=0.1080 ∆E=23.8370
COLOR= 9 #D87673850000              x=0.5335 y=0.4168 Y=0.2680 ∆E= 6.6844
COLOR=10 #8159815D815D              x=0.3127 y=0.3289 Y=0.2189 ∆E=15.8373
COLOR=11 #FB268F87BC1C              x=0.3774 y=0.2822 Y=0.4359 ∆E=19.0780
COLOR=12 #3CD9CC180000              x=0.3143 y=0.5915 Y=0.4381 ∆E= 4.3511
COLOR=13 #BC09D6CE0000              x=0.3980 y=0.5240 Y=0.5865 ∆E=11.5941
COLOR=14 #6C07E605B849              x=0.2666 y=0.3908 Y=0.6271 ∆E= 9.2471
COLOR=15 #F1D5F1DAF1DB              x=0.3127 y=0.3290 Y=0.8788 ∆E= 2.8580
